0.17200138
0.17174998
0.1712307
0.17076495
0.16923602
0.16798729
0.16773567
0.16775714
0.1677656
0.1675924
0.16755451
0.16737127
0.16712266
0.1668296
0.16623195
0.16557154
0.16475892
0.16410612
0.16343568
0.16276446
0.16207057
0.16165741
0.16108698
0.16079018
0.16039398
0.1602469
0.16006927
0.15998589
0.16001883
0.15990679
0.15987884
0.15986505
0.15986009
0.15984786
0.15986641
0.159839
0.15980335
0.15970173
0.15956464
0.15940125
0.15924922
0.15911047
0.15900548
0.15877452
0.15866011
0.15860584
0.15846318
0.15838389
0.15826875
0.15817398
0.15811564
0.15805018
0.15796201
0.15802336
0.15792416
0.15789016
0.157799
0.15770976
0.15766917
0.15756673
0.15755421
0.15749191
0.15741713
0.15733738
0.15735194
0.1572523
0.15720747
0.15714447
0.15702721
0.15696186
0.15686217
0.15688677
0.1568342
0.1567599
0.15664601
0.1566702
0.15658362
0.15668115
0.15654029
0.1565159
0.1564919
0.1564536
0.15646811
0.156383
0.15630749
0.15627018
0.15619513
0.15613228
0.15612821
0.15613994
0.156069
0.15595628
0.15599842
0.15587834
0.15584074
0.15572584
0.15567425
0.15553924
0.1555479
0.1555139
0.15535724
0.15534082
0.15534782
0.15527146
0.15522711
0.15521082
0.1551567
0.15517437
0.15513177
0.15506215
0.1551701
0.15502971
0.15513444
0.1549872
0.15499195
0.15500891
0.15503058
0.15489954
0.15487993
0.15485811
0.1547892
0.15467907
0.15473105
0.1546662
0.15460294
0.15467165
0.15452443
0.15460354
0.15450792
0.15448526
0.15446195
0.15441065
0.15442365
0.15440007
0.15444177
0.15439273
0.15435086
0.15433183
0.15430012
0.15434131
0.15426499
0.1542827
0.15431328
0.15420626
0.15420353
0.15423422
0.15416363
0.15415494
0.15407799
0.15412337
0.15411729
0.15414481
0.15409654
0.15398054
0.15406269
0.15400717
0.15401621
0.15398832
0.15395617
0.15393806
0.15398858
0.1539194
0.1539318
0.15389152
0.15390854
0.15391384
0.15383792
0.15389083
0.15381363
0.15389934
0.15383723
0.15384331
0.15375641
0.15373963
0.15370542
0.15365726
0.15378347
0.15366429
0.15368053
0.15363596
0.15361579
0.15366125
0.15366888
0.15363415
0.153628
0.15350005
0.15363361
0.15356132
0.15362737
0.15353143
0.15347797
0.15353183
0.15357633
0.15341729
0.15346979
0.1534455
0.15346342
0.15340838
0.15342157
0.15348436
0.15342344
0.15347151
0.1534717
0.15339263
0.15339936
0.15341061
0.15345362
0.15343064
0.15331522
0.15346436
0.15337099
0.15340634
0.15343645
0.15341024
0.15339169
0.15326822
0.15338205
0.1534049
0.15339763
0.15333453
0.15332447
0.15335761
0.15328111
0.15329038
0.15324567
0.15327576
0.15333596
0.15323007
0.15325576
0.15322255
0.15316053
0.15320371
0.15313256
0.15318318
0.15306523
0.15307473
0.15302138
0.15296903
0.15295167
0.15287633
0.15282643
0.1528693
0.15276541
0.15283185
0.1527086
0.15274255
0.15267858
0.1526891
0.15261722
0.15251987
0.1526437
0.15249753
0.1524513
0.15246299
0.15235278
0.15233935
