0.14095236
0.17141809
0.17544158
0.17506807
0.17415023
0.17325084
0.17246239
0.17186935
0.1713778
0.17099065
0.17063528
0.17037234
0.17011873
0.16991979
0.16974095
0.16954915
0.16940913
0.16924751
0.16915873
0.1689973
0.1688419
0.16877423
0.16865358
0.16854563
0.16846028
0.16840263
0.1682857
0.16825917
0.16814493
0.16810858
0.16810496
0.16801944
0.16797185
0.16803348
0.16794072
0.16794498
0.16789787
0.16789123
0.16788816
0.16793372
0.16786912
0.16787574
0.16789521
0.16790584
0.16785398
0.1679317
0.16790697
0.16794915
0.1679379
0.16793908
0.1679443
0.16798809
0.1680102
0.16800952
0.16801772
0.16804864
0.16810888
0.16811703
0.1680945
0.16818142
0.16822712
0.16823603
0.16824177
0.16829668
0.1683161
0.16840069
0.16843198
0.16842204
0.16850342
0.1685571
0.1685848
0.16865048
0.1686801
0.16870981
0.16881841
0.16883068
0.16889851
0.16894387
0.16898309
0.16905823
0.16916704
0.1691697
0.16924807
0.16926043
0.16936132
0.16941804
0.16945541
0.169534
0.16957593
0.16962798
0.16974369
0.16975282
0.16982943
0.16990016
0.16995765
0.1700175
0.17003189
0.17014307
0.17015843
0.17025499
0.17030983
0.17034566
0.17041369
0.1704576
0.17054811
0.17056476
0.17065142
0.17064759
0.17071758
0.17077276
0.1708312
0.17089002
0.1709197
0.17101467
0.17102093
0.1710531
0.17115423
0.17113124
0.17119798
0.17126976
0.17126545
0.17133197
0.17134771
0.17142388
0.17144416
0.1714816
0.17149474
0.17156112
0.17159523
0.17162473
0.17169006
0.17166355
0.17171547
0.17175442
0.1717658
0.17185827
0.17182072
0.17189294
0.17187169
0.17198108
0.17188898
0.17199868
0.17203623
0.17200609
0.17201789
0.1720917
0.17210326
0.17214094
0.17209432
0.17216617
0.17220314
0.17219517
0.1722112
0.1722547
0.17228933
0.17225446
0.17228124
0.17230433
0.17231192
0.17234163
0.17234878
0.17236272
0.17239845
0.17240234
0.172438
0.17239285
0.1724426
0.17242432
0.17246684
0.17245844
0.17249125
0.17249414
0.17248532
0.17254111
0.17252633
0.17251523
0.17258646
0.17252538
0.17253265
0.17260756
0.17255361
0.17258629
0.17260431
0.17261957
0.17258036
0.17262566
0.1726075
0.17267512
0.17258613
0.17266023
0.17265488
0.17263955
0.17265087
0.1726625
0.17266934
0.17268734
0.17265557
0.17271712
0.17268096
0.17267643
