0.14078785
0.17014611
0.17502
0.17513484
0.17438237
0.1735197
0.1727064
0.17196533
0.17129345
0.17069963
0.17020771
0.16984269
0.16948612
0.16919108
0.16898255
0.16877368
0.1686138
0.16843952
0.16831546
0.16822936
0.16817449
0.16803977
0.16798387
0.16797256
0.16789185
0.16784434
0.16783576
0.16776578
0.16781056
0.16778101
0.16776864
0.1677202
0.16776516
0.16778602
0.16769937
0.16777906
0.1677843
0.16777186
0.16780874
0.16780421
0.16786031
0.16785756
0.16786478
0.16789253
0.16788945
0.16794935
0.16799356
0.16800728
0.16801493
0.16809352
0.1680797
0.16812097
0.16816579
0.16820142
0.16819644
0.16828154
0.16826548
0.16839992
0.16835222
0.16841586
0.16843185
0.16854785
0.16851088
0.16863324
0.16864789
0.16864707
0.16872415
0.16876724
0.16881672
0.16886856
0.16893458
0.16895759
0.16901423
0.16902928
0.16913928
0.16915919
0.16921349
0.16924557
0.16926168
0.16934969
0.16944705
0.16944118
0.16951168
0.16953279
0.16963209
0.16966788
0.16971186
0.16974711
0.16981351
0.16986008
0.16989464
0.1699514
0.17003353
0.17002319
0.17013487
0.17016733
0.17019455
0.17025249
0.17030478
0.1703576
